array=[0 0 0 0 0 0 0 0 0 0 0 0 0 0 0 0 0 0 0 0 0 0 0 0 0 0 0 0 0 0 0 0 0 0 0 0 0 0 0 0 0 0 0 0 0 0 0 0 0 0 0 0 0 0 0 0 0 0 0 0 0 0 0 0 0 0 0 0 0 0 0 0 0 0 0 0 0 0 0 0 0 0 0 0 0 0 0 0 0 0 0 0 0 0 0 0 0 0 0 0]
slice=[]
slice=[0]
slice=[0 1]
slice=[0 1 2]
slice=[0 1 2 3]
slice=[0 1 2 3 4]
slice=[0 1 2 3 4 5]
slice=[0 1 2 3 4 5 6]
slice=[0 1 2 3 4 5 6 7]
slice=[0 1 2 3 4 5 6 7 8]
slice=[0 1 2 3 4 5 6 7 8 9]
slice[2]=2
slice[0:5]=[0 1 2 3 4]
slice[3:]=[3 4 5 6 7 8 9]
slice[:7]=[0 1 2 3 4 5 6]
slice[:]=[0 1 2 3 4 5 6 7 8 9]
len(num)=5
cap(num)=16
slice2=[0 1 2 3 4 5 6 7 8 9]
slice=[100 1 2 3 4 5 6 7 8 9]
slice2=[100 1 2 3 4 5 6 7 8 9]
slice3=[0 0 0 0 0 0 0 0 0 0]
delete_before:slice=[0 1 2 3 4 5 6 7 8 9]
delete_after :slice=[0 1 2 4 5 6 7 8 9]
sort_before:slice4=[0 23 85 61 29 84 16 45 2 62 59 8 13 93 34 74 33 96 57 26 43 49 91 66 13 80 13 30 70 8 27 56 89 21 12 52 14 36 50 57 48 14 81 54 39 42 66 93 29 42 43 56 72 95 15 66 70 82 56 30 18 34 8 43 5 79 99 58 8 4 82 9 6 70 70 83 95 76 75 10 69 64 37 45 55 55 41 87 3 50 52 25 41 47 38 13 8 9 5 97]
sort_after :slice4=[0 2 3 4 5 5 6 8 8 8 8 8 9 9 10 12 13 13 13 13 14 14 15 16 18 21 23 25 26 27 29 29 30 30 33 34 34 36 37 38 39 41 41 42 42 43 43 43 45 45 47 48 49 50 50 52 52 54 55 55 56 56 56 57 57 58 59 61 62 64 66 66 66 69 70 70 70 70 72 74 75 76 79 80 81 82 82 83 84 85 87 89 91 93 93 95 95 96 97 99]
0.003993秒
