Listの挿入： true
Listの挿入： true
Listの挿入： true
Listの挿入： true
Listの挿入： true
Listの挿入： true
Listの挿入： true
Listの挿入： true
Listの挿入： true
Listの挿入： true
Listの挿入： true
Listの挿入： true
Listの挿入： true
Listの挿入： true
Listの挿入： true
Listの挿入： true
Listの挿入： true
Listの挿入： true
Listの挿入： true
Listの挿入： true
Listの挿入： true
Listの挿入： true
Listの挿入： true
Listの挿入： true
Listの挿入： true
Listの挿入： true
Listの挿入： true
Listの挿入： true
Listの挿入： true
Listの挿入： true
Listの挿入： true
Listの挿入： true
Listの挿入： true
Listの挿入： true
Listの挿入： true
Listの挿入： true
Listの挿入： true
Listの挿入： true
Listの挿入： true
Listの挿入： true
Listの挿入： true
Listの挿入： true
Listの挿入： true
Listの挿入： true
Listの挿入： true
Listの挿入： true
Listの挿入： true
Listの挿入： true
Listの挿入： true
Listの挿入： true
Listの挿入： true
Listの挿入： true
Listの挿入： true
Listの挿入： true
Listの挿入： true
Listの挿入： true
Listの挿入： true
Listの挿入： true
Listの挿入： true
Listの挿入： true
Listの挿入： true
Listの挿入： true
Listの挿入： true
Listの挿入： true
Listの挿入： true
Listの挿入： true
Listの挿入： true
Listの挿入： true
Listの挿入： true
Listの挿入： true
Listの挿入： true
Listの挿入： true
Listの挿入： true
Listの挿入： true
Listの挿入： true
Listの挿入： true
Listの挿入： true
Listの挿入： true
Listの挿入： true
Listの挿入： true
Listの挿入： true
Listの挿入： true
Listの挿入： true
Listの挿入： true
Listの挿入： true
Listの挿入： true
Listの挿入： true
Listの挿入： true
Listの挿入： true
Listの挿入： true
Listの挿入： true
Listの挿入： true
Listの挿入： true
Listの挿入： true
Listの挿入： true
Listの挿入： true
Listの挿入： true
Listの挿入： true
Listの挿入： true
Listの挿入： true
34 92 99 88 26 20 30 43 10 54 55 42 73 10 65 56 55 5 49 68 2 21 90 6 73 66 68 55 84 17 47 13 86 62 68 88 99 40 81 31 98 43 2 80 59 79 36 61 42 63 77 93 4 34 67 76 33 17 85 72 41 65 16 31 97 19 29 7 34 89 86 92 46 77 48 43 74 96 73 75 99 83 59 57 68 49 85 52 3 82 96 72 81 52 32 48 35 88 21 22 
Listの検索： 34 true
Listの検索： 92 true
Listの検索： 99 true
Listの検索： 88 true
Listの検索： 26 true
Listの検索： 20 true
Listの検索： 30 true
Listの検索： 43 true
Listの検索： 10 true
Listの検索： 54 true
Listの検索： 55 true
Listの検索： 42 true
Listの検索： 73 true
Listの検索： 10 true
Listの検索： 65 true
Listの検索： 56 true
Listの検索： 55 true
Listの検索： 5 true
Listの検索： 49 true
Listの検索： 68 true
Listの検索： 2 true
Listの検索： 21 true
Listの検索： 90 true
Listの検索： 6 true
Listの検索： 73 true
Listの検索： 66 true
Listの検索： 68 true
Listの検索： 55 true
Listの検索： 84 true
Listの検索： 17 true
Listの検索： 47 true
Listの検索： 13 true
Listの検索： 86 true
Listの検索： 62 true
Listの検索： 68 true
Listの検索： 88 true
Listの検索： 99 true
Listの検索： 40 true
Listの検索： 81 true
Listの検索： 31 true
Listの検索： 98 true
Listの検索： 43 true
Listの検索： 2 true
Listの検索： 80 true
Listの検索： 59 true
Listの検索： 79 true
Listの検索： 36 true
Listの検索： 61 true
Listの検索： 42 true
Listの検索： 63 true
Listの検索： 77 true
Listの検索： 93 true
Listの検索： 4 true
Listの検索： 34 true
Listの検索： 67 true
Listの検索： 76 true
Listの検索： 33 true
Listの検索： 17 true
Listの検索： 85 true
Listの検索： 72 true
Listの検索： 41 true
Listの検索： 65 true
Listの検索： 16 true
Listの検索： 31 true
Listの検索： 97 true
Listの検索： 19 true
Listの検索： 29 true
Listの検索： 7 true
Listの検索： 34 true
Listの検索： 89 true
Listの検索： 86 true
Listの検索： 92 true
Listの検索： 46 true
Listの検索： 77 true
Listの検索： 48 true
Listの検索： 43 true
Listの検索： 74 true
Listの検索： 96 true
Listの検索： 73 true
Listの検索： 75 true
Listの検索： 99 true
Listの検索： 83 true
Listの検索： 59 true
Listの検索： 57 true
Listの検索： 68 true
Listの検索： 49 true
Listの検索： 85 true
Listの検索： 52 true
Listの検索： 3 true
Listの検索： 82 true
Listの検索： 96 true
Listの検索： 72 true
Listの検索： 81 true
Listの検索： 52 true
Listの検索： 32 true
Listの検索： 48 true
Listの検索： 35 true
Listの検索： 88 true
Listの検索： 21 true
Listの検索： 22 true
Listの削除： true
92 99 88 26 20 30 43 10 54 55 42 73 10 65 56 55 5 49 68 2 21 90 6 73 66 68 55 84 17 47 13 86 62 68 88 99 40 81 31 98 43 2 80 59 79 36 61 42 63 77 93 4 34 67 76 33 17 85 72 41 65 16 31 97 19 29 7 34 89 86 92 46 77 48 43 74 96 73 75 99 83 59 57 68 49 85 52 3 82 96 72 81 52 32 48 35 88 21 22 
Listの削除： true
99 88 26 20 30 43 10 54 55 42 73 10 65 56 55 5 49 68 2 21 90 6 73 66 68 55 84 17 47 13 86 62 68 88 99 40 81 31 98 43 2 80 59 79 36 61 42 63 77 93 4 34 67 76 33 17 85 72 41 65 16 31 97 19 29 7 34 89 86 92 46 77 48 43 74 96 73 75 99 83 59 57 68 49 85 52 3 82 96 72 81 52 32 48 35 88 21 22 
Listの削除： true
88 26 20 30 43 10 54 55 42 73 10 65 56 55 5 49 68 2 21 90 6 73 66 68 55 84 17 47 13 86 62 68 88 99 40 81 31 98 43 2 80 59 79 36 61 42 63 77 93 4 34 67 76 33 17 85 72 41 65 16 31 97 19 29 7 34 89 86 92 46 77 48 43 74 96 73 75 99 83 59 57 68 49 85 52 3 82 96 72 81 52 32 48 35 88 21 22 
Listの削除： true
26 20 30 43 10 54 55 42 73 10 65 56 55 5 49 68 2 21 90 6 73 66 68 55 84 17 47 13 86 62 68 88 99 40 81 31 98 43 2 80 59 79 36 61 42 63 77 93 4 34 67 76 33 17 85 72 41 65 16 31 97 19 29 7 34 89 86 92 46 77 48 43 74 96 73 75 99 83 59 57 68 49 85 52 3 82 96 72 81 52 32 48 35 88 21 22 
Listの削除： true
20 30 43 10 54 55 42 73 10 65 56 55 5 49 68 2 21 90 6 73 66 68 55 84 17 47 13 86 62 68 88 99 40 81 31 98 43 2 80 59 79 36 61 42 63 77 93 4 34 67 76 33 17 85 72 41 65 16 31 97 19 29 7 34 89 86 92 46 77 48 43 74 96 73 75 99 83 59 57 68 49 85 52 3 82 96 72 81 52 32 48 35 88 21 22 
Listの削除： true
30 43 10 54 55 42 73 10 65 56 55 5 49 68 2 21 90 6 73 66 68 55 84 17 47 13 86 62 68 88 99 40 81 31 98 43 2 80 59 79 36 61 42 63 77 93 4 34 67 76 33 17 85 72 41 65 16 31 97 19 29 7 34 89 86 92 46 77 48 43 74 96 73 75 99 83 59 57 68 49 85 52 3 82 96 72 81 52 32 48 35 88 21 22 
Listの削除： true
43 10 54 55 42 73 10 65 56 55 5 49 68 2 21 90 6 73 66 68 55 84 17 47 13 86 62 68 88 99 40 81 31 98 43 2 80 59 79 36 61 42 63 77 93 4 34 67 76 33 17 85 72 41 65 16 31 97 19 29 7 34 89 86 92 46 77 48 43 74 96 73 75 99 83 59 57 68 49 85 52 3 82 96 72 81 52 32 48 35 88 21 22 
Listの削除： true
10 54 55 42 73 10 65 56 55 5 49 68 2 21 90 6 73 66 68 55 84 17 47 13 86 62 68 88 99 40 81 31 98 43 2 80 59 79 36 61 42 63 77 93 4 34 67 76 33 17 85 72 41 65 16 31 97 19 29 7 34 89 86 92 46 77 48 43 74 96 73 75 99 83 59 57 68 49 85 52 3 82 96 72 81 52 32 48 35 88 21 22 
Listの削除： true
54 55 42 73 10 65 56 55 5 49 68 2 21 90 6 73 66 68 55 84 17 47 13 86 62 68 88 99 40 81 31 98 43 2 80 59 79 36 61 42 63 77 93 4 34 67 76 33 17 85 72 41 65 16 31 97 19 29 7 34 89 86 92 46 77 48 43 74 96 73 75 99 83 59 57 68 49 85 52 3 82 96 72 81 52 32 48 35 88 21 22 
Listの削除： true
55 42 73 10 65 56 55 5 49 68 2 21 90 6 73 66 68 55 84 17 47 13 86 62 68 88 99 40 81 31 98 43 2 80 59 79 36 61 42 63 77 93 4 34 67 76 33 17 85 72 41 65 16 31 97 19 29 7 34 89 86 92 46 77 48 43 74 96 73 75 99 83 59 57 68 49 85 52 3 82 96 72 81 52 32 48 35 88 21 22 
Listの削除： true
42 73 10 65 56 55 5 49 68 2 21 90 6 73 66 68 55 84 17 47 13 86 62 68 88 99 40 81 31 98 43 2 80 59 79 36 61 42 63 77 93 4 34 67 76 33 17 85 72 41 65 16 31 97 19 29 7 34 89 86 92 46 77 48 43 74 96 73 75 99 83 59 57 68 49 85 52 3 82 96 72 81 52 32 48 35 88 21 22 
Listの削除： true
73 10 65 56 55 5 49 68 2 21 90 6 73 66 68 55 84 17 47 13 86 62 68 88 99 40 81 31 98 43 2 80 59 79 36 61 42 63 77 93 4 34 67 76 33 17 85 72 41 65 16 31 97 19 29 7 34 89 86 92 46 77 48 43 74 96 73 75 99 83 59 57 68 49 85 52 3 82 96 72 81 52 32 48 35 88 21 22 
Listの削除： true
10 65 56 55 5 49 68 2 21 90 6 73 66 68 55 84 17 47 13 86 62 68 88 99 40 81 31 98 43 2 80 59 79 36 61 42 63 77 93 4 34 67 76 33 17 85 72 41 65 16 31 97 19 29 7 34 89 86 92 46 77 48 43 74 96 73 75 99 83 59 57 68 49 85 52 3 82 96 72 81 52 32 48 35 88 21 22 
Listの削除： true
65 56 55 5 49 68 2 21 90 6 73 66 68 55 84 17 47 13 86 62 68 88 99 40 81 31 98 43 2 80 59 79 36 61 42 63 77 93 4 34 67 76 33 17 85 72 41 65 16 31 97 19 29 7 34 89 86 92 46 77 48 43 74 96 73 75 99 83 59 57 68 49 85 52 3 82 96 72 81 52 32 48 35 88 21 22 
Listの削除： true
56 55 5 49 68 2 21 90 6 73 66 68 55 84 17 47 13 86 62 68 88 99 40 81 31 98 43 2 80 59 79 36 61 42 63 77 93 4 34 67 76 33 17 85 72 41 65 16 31 97 19 29 7 34 89 86 92 46 77 48 43 74 96 73 75 99 83 59 57 68 49 85 52 3 82 96 72 81 52 32 48 35 88 21 22 
Listの削除： true
55 5 49 68 2 21 90 6 73 66 68 55 84 17 47 13 86 62 68 88 99 40 81 31 98 43 2 80 59 79 36 61 42 63 77 93 4 34 67 76 33 17 85 72 41 65 16 31 97 19 29 7 34 89 86 92 46 77 48 43 74 96 73 75 99 83 59 57 68 49 85 52 3 82 96 72 81 52 32 48 35 88 21 22 
Listの削除： true
5 49 68 2 21 90 6 73 66 68 55 84 17 47 13 86 62 68 88 99 40 81 31 98 43 2 80 59 79 36 61 42 63 77 93 4 34 67 76 33 17 85 72 41 65 16 31 97 19 29 7 34 89 86 92 46 77 48 43 74 96 73 75 99 83 59 57 68 49 85 52 3 82 96 72 81 52 32 48 35 88 21 22 
Listの削除： true
49 68 2 21 90 6 73 66 68 55 84 17 47 13 86 62 68 88 99 40 81 31 98 43 2 80 59 79 36 61 42 63 77 93 4 34 67 76 33 17 85 72 41 65 16 31 97 19 29 7 34 89 86 92 46 77 48 43 74 96 73 75 99 83 59 57 68 49 85 52 3 82 96 72 81 52 32 48 35 88 21 22 
Listの削除： true
68 2 21 90 6 73 66 68 55 84 17 47 13 86 62 68 88 99 40 81 31 98 43 2 80 59 79 36 61 42 63 77 93 4 34 67 76 33 17 85 72 41 65 16 31 97 19 29 7 34 89 86 92 46 77 48 43 74 96 73 75 99 83 59 57 68 49 85 52 3 82 96 72 81 52 32 48 35 88 21 22 
Listの削除： true
2 21 90 6 73 66 68 55 84 17 47 13 86 62 68 88 99 40 81 31 98 43 2 80 59 79 36 61 42 63 77 93 4 34 67 76 33 17 85 72 41 65 16 31 97 19 29 7 34 89 86 92 46 77 48 43 74 96 73 75 99 83 59 57 68 49 85 52 3 82 96 72 81 52 32 48 35 88 21 22 
Listの削除： true
21 90 6 73 66 68 55 84 17 47 13 86 62 68 88 99 40 81 31 98 43 2 80 59 79 36 61 42 63 77 93 4 34 67 76 33 17 85 72 41 65 16 31 97 19 29 7 34 89 86 92 46 77 48 43 74 96 73 75 99 83 59 57 68 49 85 52 3 82 96 72 81 52 32 48 35 88 21 22 
Listの削除： true
90 6 73 66 68 55 84 17 47 13 86 62 68 88 99 40 81 31 98 43 2 80 59 79 36 61 42 63 77 93 4 34 67 76 33 17 85 72 41 65 16 31 97 19 29 7 34 89 86 92 46 77 48 43 74 96 73 75 99 83 59 57 68 49 85 52 3 82 96 72 81 52 32 48 35 88 21 22 
Listの削除： true
6 73 66 68 55 84 17 47 13 86 62 68 88 99 40 81 31 98 43 2 80 59 79 36 61 42 63 77 93 4 34 67 76 33 17 85 72 41 65 16 31 97 19 29 7 34 89 86 92 46 77 48 43 74 96 73 75 99 83 59 57 68 49 85 52 3 82 96 72 81 52 32 48 35 88 21 22 
Listの削除： true
73 66 68 55 84 17 47 13 86 62 68 88 99 40 81 31 98 43 2 80 59 79 36 61 42 63 77 93 4 34 67 76 33 17 85 72 41 65 16 31 97 19 29 7 34 89 86 92 46 77 48 43 74 96 73 75 99 83 59 57 68 49 85 52 3 82 96 72 81 52 32 48 35 88 21 22 
Listの削除： true
66 68 55 84 17 47 13 86 62 68 88 99 40 81 31 98 43 2 80 59 79 36 61 42 63 77 93 4 34 67 76 33 17 85 72 41 65 16 31 97 19 29 7 34 89 86 92 46 77 48 43 74 96 73 75 99 83 59 57 68 49 85 52 3 82 96 72 81 52 32 48 35 88 21 22 
Listの削除： true
68 55 84 17 47 13 86 62 68 88 99 40 81 31 98 43 2 80 59 79 36 61 42 63 77 93 4 34 67 76 33 17 85 72 41 65 16 31 97 19 29 7 34 89 86 92 46 77 48 43 74 96 73 75 99 83 59 57 68 49 85 52 3 82 96 72 81 52 32 48 35 88 21 22 
Listの削除： true
55 84 17 47 13 86 62 68 88 99 40 81 31 98 43 2 80 59 79 36 61 42 63 77 93 4 34 67 76 33 17 85 72 41 65 16 31 97 19 29 7 34 89 86 92 46 77 48 43 74 96 73 75 99 83 59 57 68 49 85 52 3 82 96 72 81 52 32 48 35 88 21 22 
Listの削除： true
84 17 47 13 86 62 68 88 99 40 81 31 98 43 2 80 59 79 36 61 42 63 77 93 4 34 67 76 33 17 85 72 41 65 16 31 97 19 29 7 34 89 86 92 46 77 48 43 74 96 73 75 99 83 59 57 68 49 85 52 3 82 96 72 81 52 32 48 35 88 21 22 
Listの削除： true
17 47 13 86 62 68 88 99 40 81 31 98 43 2 80 59 79 36 61 42 63 77 93 4 34 67 76 33 17 85 72 41 65 16 31 97 19 29 7 34 89 86 92 46 77 48 43 74 96 73 75 99 83 59 57 68 49 85 52 3 82 96 72 81 52 32 48 35 88 21 22 
Listの削除： true
47 13 86 62 68 88 99 40 81 31 98 43 2 80 59 79 36 61 42 63 77 93 4 34 67 76 33 17 85 72 41 65 16 31 97 19 29 7 34 89 86 92 46 77 48 43 74 96 73 75 99 83 59 57 68 49 85 52 3 82 96 72 81 52 32 48 35 88 21 22 
Listの削除： true
13 86 62 68 88 99 40 81 31 98 43 2 80 59 79 36 61 42 63 77 93 4 34 67 76 33 17 85 72 41 65 16 31 97 19 29 7 34 89 86 92 46 77 48 43 74 96 73 75 99 83 59 57 68 49 85 52 3 82 96 72 81 52 32 48 35 88 21 22 
Listの削除： true
86 62 68 88 99 40 81 31 98 43 2 80 59 79 36 61 42 63 77 93 4 34 67 76 33 17 85 72 41 65 16 31 97 19 29 7 34 89 86 92 46 77 48 43 74 96 73 75 99 83 59 57 68 49 85 52 3 82 96 72 81 52 32 48 35 88 21 22 
Listの削除： true
62 68 88 99 40 81 31 98 43 2 80 59 79 36 61 42 63 77 93 4 34 67 76 33 17 85 72 41 65 16 31 97 19 29 7 34 89 86 92 46 77 48 43 74 96 73 75 99 83 59 57 68 49 85 52 3 82 96 72 81 52 32 48 35 88 21 22 
Listの削除： true
68 88 99 40 81 31 98 43 2 80 59 79 36 61 42 63 77 93 4 34 67 76 33 17 85 72 41 65 16 31 97 19 29 7 34 89 86 92 46 77 48 43 74 96 73 75 99 83 59 57 68 49 85 52 3 82 96 72 81 52 32 48 35 88 21 22 
Listの削除： true
88 99 40 81 31 98 43 2 80 59 79 36 61 42 63 77 93 4 34 67 76 33 17 85 72 41 65 16 31 97 19 29 7 34 89 86 92 46 77 48 43 74 96 73 75 99 83 59 57 68 49 85 52 3 82 96 72 81 52 32 48 35 88 21 22 
Listの削除： true
99 40 81 31 98 43 2 80 59 79 36 61 42 63 77 93 4 34 67 76 33 17 85 72 41 65 16 31 97 19 29 7 34 89 86 92 46 77 48 43 74 96 73 75 99 83 59 57 68 49 85 52 3 82 96 72 81 52 32 48 35 88 21 22 
Listの削除： true
40 81 31 98 43 2 80 59 79 36 61 42 63 77 93 4 34 67 76 33 17 85 72 41 65 16 31 97 19 29 7 34 89 86 92 46 77 48 43 74 96 73 75 99 83 59 57 68 49 85 52 3 82 96 72 81 52 32 48 35 88 21 22 
Listの削除： true
81 31 98 43 2 80 59 79 36 61 42 63 77 93 4 34 67 76 33 17 85 72 41 65 16 31 97 19 29 7 34 89 86 92 46 77 48 43 74 96 73 75 99 83 59 57 68 49 85 52 3 82 96 72 81 52 32 48 35 88 21 22 
Listの削除： true
31 98 43 2 80 59 79 36 61 42 63 77 93 4 34 67 76 33 17 85 72 41 65 16 31 97 19 29 7 34 89 86 92 46 77 48 43 74 96 73 75 99 83 59 57 68 49 85 52 3 82 96 72 81 52 32 48 35 88 21 22 
Listの削除： true
98 43 2 80 59 79 36 61 42 63 77 93 4 34 67 76 33 17 85 72 41 65 16 31 97 19 29 7 34 89 86 92 46 77 48 43 74 96 73 75 99 83 59 57 68 49 85 52 3 82 96 72 81 52 32 48 35 88 21 22 
Listの削除： true
43 2 80 59 79 36 61 42 63 77 93 4 34 67 76 33 17 85 72 41 65 16 31 97 19 29 7 34 89 86 92 46 77 48 43 74 96 73 75 99 83 59 57 68 49 85 52 3 82 96 72 81 52 32 48 35 88 21 22 
Listの削除： true
2 80 59 79 36 61 42 63 77 93 4 34 67 76 33 17 85 72 41 65 16 31 97 19 29 7 34 89 86 92 46 77 48 43 74 96 73 75 99 83 59 57 68 49 85 52 3 82 96 72 81 52 32 48 35 88 21 22 
Listの削除： true
80 59 79 36 61 42 63 77 93 4 34 67 76 33 17 85 72 41 65 16 31 97 19 29 7 34 89 86 92 46 77 48 43 74 96 73 75 99 83 59 57 68 49 85 52 3 82 96 72 81 52 32 48 35 88 21 22 
Listの削除： true
59 79 36 61 42 63 77 93 4 34 67 76 33 17 85 72 41 65 16 31 97 19 29 7 34 89 86 92 46 77 48 43 74 96 73 75 99 83 59 57 68 49 85 52 3 82 96 72 81 52 32 48 35 88 21 22 
Listの削除： true
79 36 61 42 63 77 93 4 34 67 76 33 17 85 72 41 65 16 31 97 19 29 7 34 89 86 92 46 77 48 43 74 96 73 75 99 83 59 57 68 49 85 52 3 82 96 72 81 52 32 48 35 88 21 22 
Listの削除： true
36 61 42 63 77 93 4 34 67 76 33 17 85 72 41 65 16 31 97 19 29 7 34 89 86 92 46 77 48 43 74 96 73 75 99 83 59 57 68 49 85 52 3 82 96 72 81 52 32 48 35 88 21 22 
Listの削除： true
61 42 63 77 93 4 34 67 76 33 17 85 72 41 65 16 31 97 19 29 7 34 89 86 92 46 77 48 43 74 96 73 75 99 83 59 57 68 49 85 52 3 82 96 72 81 52 32 48 35 88 21 22 
Listの削除： true
42 63 77 93 4 34 67 76 33 17 85 72 41 65 16 31 97 19 29 7 34 89 86 92 46 77 48 43 74 96 73 75 99 83 59 57 68 49 85 52 3 82 96 72 81 52 32 48 35 88 21 22 
Listの削除： true
63 77 93 4 34 67 76 33 17 85 72 41 65 16 31 97 19 29 7 34 89 86 92 46 77 48 43 74 96 73 75 99 83 59 57 68 49 85 52 3 82 96 72 81 52 32 48 35 88 21 22 
Listの削除： true
77 93 4 34 67 76 33 17 85 72 41 65 16 31 97 19 29 7 34 89 86 92 46 77 48 43 74 96 73 75 99 83 59 57 68 49 85 52 3 82 96 72 81 52 32 48 35 88 21 22 
Listの削除： true
93 4 34 67 76 33 17 85 72 41 65 16 31 97 19 29 7 34 89 86 92 46 77 48 43 74 96 73 75 99 83 59 57 68 49 85 52 3 82 96 72 81 52 32 48 35 88 21 22 
Listの削除： true
4 34 67 76 33 17 85 72 41 65 16 31 97 19 29 7 34 89 86 92 46 77 48 43 74 96 73 75 99 83 59 57 68 49 85 52 3 82 96 72 81 52 32 48 35 88 21 22 
Listの削除： true
34 67 76 33 17 85 72 41 65 16 31 97 19 29 7 34 89 86 92 46 77 48 43 74 96 73 75 99 83 59 57 68 49 85 52 3 82 96 72 81 52 32 48 35 88 21 22 
Listの削除： true
67 76 33 17 85 72 41 65 16 31 97 19 29 7 34 89 86 92 46 77 48 43 74 96 73 75 99 83 59 57 68 49 85 52 3 82 96 72 81 52 32 48 35 88 21 22 
Listの削除： true
76 33 17 85 72 41 65 16 31 97 19 29 7 34 89 86 92 46 77 48 43 74 96 73 75 99 83 59 57 68 49 85 52 3 82 96 72 81 52 32 48 35 88 21 22 
Listの削除： true
33 17 85 72 41 65 16 31 97 19 29 7 34 89 86 92 46 77 48 43 74 96 73 75 99 83 59 57 68 49 85 52 3 82 96 72 81 52 32 48 35 88 21 22 
Listの削除： true
17 85 72 41 65 16 31 97 19 29 7 34 89 86 92 46 77 48 43 74 96 73 75 99 83 59 57 68 49 85 52 3 82 96 72 81 52 32 48 35 88 21 22 
Listの削除： true
85 72 41 65 16 31 97 19 29 7 34 89 86 92 46 77 48 43 74 96 73 75 99 83 59 57 68 49 85 52 3 82 96 72 81 52 32 48 35 88 21 22 
Listの削除： true
72 41 65 16 31 97 19 29 7 34 89 86 92 46 77 48 43 74 96 73 75 99 83 59 57 68 49 85 52 3 82 96 72 81 52 32 48 35 88 21 22 
Listの削除： true
41 65 16 31 97 19 29 7 34 89 86 92 46 77 48 43 74 96 73 75 99 83 59 57 68 49 85 52 3 82 96 72 81 52 32 48 35 88 21 22 
Listの削除： true
65 16 31 97 19 29 7 34 89 86 92 46 77 48 43 74 96 73 75 99 83 59 57 68 49 85 52 3 82 96 72 81 52 32 48 35 88 21 22 
Listの削除： true
16 31 97 19 29 7 34 89 86 92 46 77 48 43 74 96 73 75 99 83 59 57 68 49 85 52 3 82 96 72 81 52 32 48 35 88 21 22 
Listの削除： true
31 97 19 29 7 34 89 86 92 46 77 48 43 74 96 73 75 99 83 59 57 68 49 85 52 3 82 96 72 81 52 32 48 35 88 21 22 
Listの削除： true
97 19 29 7 34 89 86 92 46 77 48 43 74 96 73 75 99 83 59 57 68 49 85 52 3 82 96 72 81 52 32 48 35 88 21 22 
Listの削除： true
19 29 7 34 89 86 92 46 77 48 43 74 96 73 75 99 83 59 57 68 49 85 52 3 82 96 72 81 52 32 48 35 88 21 22 
Listの削除： true
29 7 34 89 86 92 46 77 48 43 74 96 73 75 99 83 59 57 68 49 85 52 3 82 96 72 81 52 32 48 35 88 21 22 
Listの削除： true
7 34 89 86 92 46 77 48 43 74 96 73 75 99 83 59 57 68 49 85 52 3 82 96 72 81 52 32 48 35 88 21 22 
Listの削除： true
34 89 86 92 46 77 48 43 74 96 73 75 99 83 59 57 68 49 85 52 3 82 96 72 81 52 32 48 35 88 21 22 
Listの削除： true
89 86 92 46 77 48 43 74 96 73 75 99 83 59 57 68 49 85 52 3 82 96 72 81 52 32 48 35 88 21 22 
Listの削除： true
86 92 46 77 48 43 74 96 73 75 99 83 59 57 68 49 85 52 3 82 96 72 81 52 32 48 35 88 21 22 
Listの削除： true
92 46 77 48 43 74 96 73 75 99 83 59 57 68 49 85 52 3 82 96 72 81 52 32 48 35 88 21 22 
Listの削除： true
46 77 48 43 74 96 73 75 99 83 59 57 68 49 85 52 3 82 96 72 81 52 32 48 35 88 21 22 
Listの削除： true
77 48 43 74 96 73 75 99 83 59 57 68 49 85 52 3 82 96 72 81 52 32 48 35 88 21 22 
Listの削除： true
48 43 74 96 73 75 99 83 59 57 68 49 85 52 3 82 96 72 81 52 32 48 35 88 21 22 
Listの削除： true
43 74 96 73 75 99 83 59 57 68 49 85 52 3 82 96 72 81 52 32 48 35 88 21 22 
Listの削除： true
74 96 73 75 99 83 59 57 68 49 85 52 3 82 96 72 81 52 32 48 35 88 21 22 
Listの削除： true
96 73 75 99 83 59 57 68 49 85 52 3 82 96 72 81 52 32 48 35 88 21 22 
Listの削除： true
73 75 99 83 59 57 68 49 85 52 3 82 96 72 81 52 32 48 35 88 21 22 
Listの削除： true
75 99 83 59 57 68 49 85 52 3 82 96 72 81 52 32 48 35 88 21 22 
Listの削除： true
99 83 59 57 68 49 85 52 3 82 96 72 81 52 32 48 35 88 21 22 
Listの削除： true
83 59 57 68 49 85 52 3 82 96 72 81 52 32 48 35 88 21 22 
Listの削除： true
59 57 68 49 85 52 3 82 96 72 81 52 32 48 35 88 21 22 
Listの削除： true
57 68 49 85 52 3 82 96 72 81 52 32 48 35 88 21 22 
Listの削除： true
68 49 85 52 3 82 96 72 81 52 32 48 35 88 21 22 
Listの削除： true
49 85 52 3 82 96 72 81 52 32 48 35 88 21 22 
Listの削除： true
85 52 3 82 96 72 81 52 32 48 35 88 21 22 
Listの削除： true
52 3 82 96 72 81 52 32 48 35 88 21 22 
Listの削除： true
3 82 96 72 81 52 32 48 35 88 21 22 
Listの削除： true
82 96 72 81 52 32 48 35 88 21 22 
Listの削除： true
96 72 81 52 32 48 35 88 21 22 
Listの削除： true
72 81 52 32 48 35 88 21 22 
Listの削除： true
81 52 32 48 35 88 21 22 
Listの削除： true
52 32 48 35 88 21 22 
Listの削除： true
32 48 35 88 21 22 
Listの削除： true
48 35 88 21 22 
Listの削除： true
35 88 21 22 
Listの削除： true
88 21 22 
Listの削除： true
21 22 
Listの削除： true
22 
Listの削除： true

0.335104秒
