頂点の座標: [[2 3] [7 4] [7 1] [4 7]]
今回の組み合わせ: [0 1 2 3] 今回の距離 19.27935940109173 現在の最短距離: 0
今回の組み合わせ: [0 2 1 3] 今回の距離 17.099941449253368 現在の最短距離: 19.27935940109173
更新: 1 [0 2 1 3]
今回の組み合わせ: [0 1 3 2] 今回の距離 21.435028940345944 現在の最短距離: 17.099941449253368
今回の組み合わせ: [0 3 1 2] 今回の距離 17.099941449253368 現在の最短距離: 17.099941449253368
今回の組み合わせ: [0 2 3 1] 今回の距離 21.435028940345944 現在の最短距離: 17.099941449253368
今回の組み合わせ: [0 3 2 1] 今回の距離 19.27935940109173 現在の最短距離: 17.099941449253368
最短距離: 17.099941449253368
最短組み合わせ: [0 2 1 3]
0.003024秒
